0
0
0
0
0
0
0
0
0
0
0
0
0
0
0
0
0
0
0
0
0
0
0
0
0
0
0
0
0
0
0
0
0
0
0
0
0
0
0
0
0
0
0
0
0
0
0
0
0
0
0
0
0
0
0
0
0
0
0
0
0
0
0
0
0
0
0
0
0
0
0
0
0
0
0
0
0
0
0
0
0
0
0
0
0
0
0
0
4
2
2
5
0
0
0
0
0
0
0
0
0
0
0
0
0
0
0
0
3
0
0
3
0
0
0
0
0
0
0
0
0
0
0
0
0
0
0
0
3
0
0
3
0
0
0
0
0
0
0
0
0
4
2
2
2
2
5
0
3
0
0
3
0
0
0
0
0
0
0
0
0
3
1
1
1
1
3
0
3
0
0
3
0
0
0
0
0
0
0
0
0
3
1
1
1
1
3
0
3
0
0
3
0
0
0
0
0
0
0
0
2
6
1
1
1
1
3
0
3
0
0
3
4
2
2
2
2
2
2
2
0
0
1
1
1
1
3
0
3
0
0
3
3
0
0
0
0
0
0
0
0
9
1
1
1
1
7
2
6
0
0
7
6
0
0
0
0
0
0
0
0
8
14
14
14
11
0
0
0
0
0
0
0
0
0
0
0
0
0
0
0
0
0
0
0
0
0
0
0
0
0
0
0
0
0
0
0
0
0
0
0
0
0
0
0
0
0
0
0
0
0
0
0
0
0
0
0
0
0
0
0
0
0
0
0
0
0
0
0
0
0
0
0
0
0
0
0
0
0
0
0
0
0
0
0
0
0
0
0
0
0
0
0
0
0
0
0
0
0
0
0
0
0
0
0
0
0
0
0
0
0
0
0
0
0
0
0
0
0
0
0
0
0
0
0
0
0
0
0
0
0
0
0
0
0
0
0
0
0
0
0
10
19
10
